0.8884999801404774
1.0189999772235752
0.6654999851249158
0.4959999889135361
0.6299999859184027
0.6309999858960509
0.6244999860413373
0.7484999832697212
0.534499988052994
0.468499989528209
0.46299998965114353
0.26049999417737124
0.2559999942779541
0.21699999514967203
0.41949999062344434
0.9074999797157943
1.3489999698475004
1.3489999698475004
1.6434999632649123
1.436999967880547
2.064499953854829
1.993999955430627
2.288499948848039
1.5239999659359456
1.428999968059361
1.2719999715685844
1.6469999631866812
1.894499957654625
1.5584999651648104
1.6939999621361495
2.0344999545253812
1.9509999563917517
2.3344999478198587
2.5539999429136513
2.9959999330341818
4.164999906904995
4.513499899115414
5.105999885872007
4.68499989528209
6.215999861061573
5.457999878004193
6.110499863419681
5.992999866046011
6.640999851562083
7.169499839749188
7.727499827276915
8.068999819643796
8.026999820582569
10.53749976446852
9.945999777689575
11.831999735534191
11.000999754108488
14.994999664835632
12.877999712154269
14.169499683286995
16.33899963479489
15.342499657068402
16.11499963980168
17.13099961709231
16.109499639924614
17.644999605603516
20.585999539867043
21.534499518666415
20.419499543588607
20.565499540325256
21.67899951543659
22.436499498505146
22.116499505657703
22.837999489530922
22.891999488323926
25.635999426990747
29.87699933219701
29.30449934499338
26.433499409165233
27.511499385070056
29.249499346222727
29.620499337930234
32.31299927774817
31.269999301061034
33.64549924796447
33.725499246176334
32.84649926582351
34.31099923308939
34.51449922854081
35.41949920831248
35.239499212335794
36.327999188005926
35.806499199662355
35.052999216504396
35.2954992110841
35.608999204076824
36.47199918478727
33.55149925006553
35.57999920472503
36.552999182976784
36.73549917889759
34.85149922100827
36.263499189447614
35.592999204434456
34.83199922144413
35.64549920326099
36.24349918989465
36.10449919300154
35.19899921324104
35.322999210469426
35.16749921394512
35.532499205786735
35.35899920966476
34.64999922551215
35.87449919814244
34.21149923531338
34.774499222729354
35.24749921215698
35.40349920867011
34.57599922716618
35.308999210782346
36.38449918674305
35.78149920022115
35.28949921121821
33.886999242566525
33.172499258536845
33.64649924794212
34.00599923990667
32.36699927654117
33.112999259866776
35.94649919653311
35.52699920590967
36.99449917310849
34.89849921995774
35.569999204948545
34.47549922941253
34.69149922458455
35.58199920468032
34.80749922199175
34.94399921894073
35.70849920185283
34.35749923205003
33.55399925000965
33.94299924131483
34.059999238699675
35.30849921079353
35.34599920995534
34.10999923758209
34.10699923764914
33.3579992543906
34.214999235235155
35.73349920129404
