0.4654999895952642
1.3799999691545963
0.8244999815709889
0.7644999829120934
0.9569999786093831
1.1254999748431147
1.6409999633207917
1.626499963644892
1.7454999609850348
1.9759999558329582
1.8639999583363533
1.6604999628849328
2.88199993558228
3.9144999125041067
4.310999903641641
5.146999884955585
4.2534999049268665
5.449999878183007
7.8599998243153095
7.869999824091792
10.019999776035547
12.663999716937543
19.206499570701272
23.479999475181103
24.671999448537825
28.25449936846271
30.20499932486564
30.291499322932214
35.01899921726435
32.96949926307425
34.059999238699675
35.29199921116233
35.60249920422211
35.85449919858947
34.988499217946085
35.781999200209974
36.541499183233825
36.252999189682306
36.807499177288264
36.92399917468428
36.62099918145687
35.926499196980146
35.85649919854477
35.38849920900539
36.28049918906763
37.35549916503951
36.37899918686598
36.28099918905646
37.297999166324736
36.45699918512255
36.736499178875235
35.65499920304865
37.03499917220324
36.061999193951486
36.83499917667359
36.5264991835691
36.440499185491355
35.79449919993058
36.043499194365
36.380999186821285
35.448499207664284
35.9939991954714
35.693999202176926
35.67399920262396
35.8279991991818
36.623999181389806
36.01899919491261
36.62549918135628
36.725999179109934
37.15549916950986
35.92049919711426
35.60499920416623
36.08549919342622
36.475499184709044
35.404499208647756
36.926499174628404
36.62449918137863
36.825499176885934
35.56549920504913
36.2279991902411
35.977999195829035
36.29299918878824
35.71949920160696
36.43499918561429
34.48049922930077
35.33949921010062
35.33049921030179
35.111499215196815
33.77499924506992
35.40499920863658
33.50499925110489
34.86799922063947
34.792499222327024
36.061999193951486
34.22449923502281
33.37349925404415
35.80149919977411
33.748499245662245
35.401999208703636
35.71099920179695
33.84999924339354
33.91649924190715
34.601499226596204
33.903499242197725
34.26899923402816
35.865499198343606
