0.7274999837391078
0.8849999802187085
0.8574999808333814
0.9144999795593322
0.8309999814257025
0.6879999846220016
0.5994999866001308
0.5464999877847732
0.6229999860748648
0.29149999348446726
0.12449999721720814
0.07199999839067459
0.27399999387562274
0.5239999882876873
0.5219999883323908
0.36149999191984533
0.4959999889135361
0.774499982688576
0.933499979134649
1.301499970909208
1.2909999711439013
1.0024999775923789
1.235499972384423
1.5249999659135938
1.254999971948564
1.7319999612867831
1.9304999568499626
2.091499953251332
1.4579999674111606
1.447999967634678
1.4739999670535326
1.6984999620355665
1.5224999659694731
1.6139999639242888
1.6949999621137977
2.2474999497644603
2.0279999546706677
3.190499928686768
3.1734999290667476
2.9024999351240695
3.407999923825264
2.641999940946698
2.5274999435059726
3.1349999299272895
2.916499934811145
3.0074999327771366
3.5964999196119605
4.2479999050498005
5.636499874014407
5.647499873768538
5.000499888230115
3.9994999106042086
4.88599989078939
5.725999872013927
5.504999876953661
4.119499907922
4.740999894030392
4.8144998923875395
4.296499903965741
4.44049990074709
4.950499889347702
5.228999883122742
5.552499875891954
6.468999855406582
7.116999840922654
5.979999866336584
4.728999894298613
4.401999901607633
5.380499879736453
4.988499888498336
5.047999887168407
5.082999886386096
6.314999858848751
7.588499830383808
6.1914998616091905
6.182499861810356
7.062999842129647
7.1124998410232365
7.729499827232212
7.646499829087406
7.063499842118472
5.92499986756593
8.279499814938754
6.760499848891049
7.685499828215688
8.638499806914478
7.499499832373113
7.181499839480966
7.0904998415149745
6.684999850578606
6.443999855965376
6.258499860111624
6.097999863699078
7.9374998225830495
7.191999839246273
8.102999818883836
7.435499833803624
7.587499830406159
8.529499809350819
8.76699980404228
6.69999985024333
8.579999808222055
10.67299976143986
8.82149980282411
7.020999843068421
8.622499807272106
10.679499761294574
9.956999777443707
7.9154998230747875
8.61099980752915
8.460499810893088
8.297499814536422
9.298499792162328
9.240999793447553
8.67249980615452
9.28399979248643
8.72099980507046
6.821999847516418
6.820999847538769
7.864999824203551
8.128999818302692
8.541999809071422
8.383999812602998
9.863499779533594
7.350499835703522
8.501999809965492
8.547499808948487
9.115499796252697
7.2784998373128476
8.032999820448458
5.299499881546945
6.430499856267124
8.194499816838652
9.005499798711389
9.415499789547175
8.479499810468406
7.672999828495085
10.487999765574932
9.27199979275465
9.070499797258526
7.133999840542674
7.817999825254082
7.8119998253881935
6.710999849997461
6.112499863374978
7.409999834373593
8.114999818615615
9.471499788295478
8.056999819912017
8.10699981879443
5.767999871075153
7.234499838296324
9.618999784998596
9.789999781176448
6.57049985313788
7.701999827846885
7.988999821431935
6.162499862257391
7.2784998373128476
6.601999852433801
7.0699998419731855
8.056499819923193
11.079499752353877
9.391499790083618
8.623499807249754
6.018499865476042
5.392999879457056
6.278999859653413
7.417499834205955
8.77799980379641
8.027499820571393
10.180499772448092
8.088499819207936
8.710499805305153
8.86749980179593
7.835499824862927
9.212499794084579
7.186999839358032
6.623999851942062
6.680499850679189
5.412999879010021
7.93149982271716
8.807999803125858
6.836499847192317
8.582499808166176
9.949499777611345
9.453499788697808
9.825999780371784
8.407499812077731
9.46199978850782
10.833499757852405
9.460499788541346
7.885999823734164
5.315999881178141
8.101499818917365
10.476499765831978
10.08449977459386
7.967999821901321
7.900999823398888
9.040999797917902
9.521999787166715
6.761999848857522
10.838999757729471
10.150499773118645
8.689999805763364
7.780999826081097
8.460999810881912
10.399999767541885
7.576999830640853
7.4944998324848715
10.214999771676958
9.412999789603054
7.417499834205955
8.389999812468886
7.201999839022756
7.588999830372631
8.060499819833785
7.325499836262315
5.283499881904572
9.56499978620559
9.417999789491295
8.381499812658877
10.703999760746957
6.426499856356531
8.45699981097132
10.633999762311579
8.210999816469847
10.418999767117203
9.15349979540333
9.404499789793045
7.237999838218093
7.1439998403191565
8.02949982052669
7.8224998251535
10.629499762412161
9.877999779209494
7.588499830383808
8.110999818705022
9.256999793089927
10.564499763865024
11.477499743457884
9.186999794654549
10.45499976631254
7.672499828506261
8.684999805875123
10.210999771766364
6.760499848891049
7.69299982804805
5.976499866414815
7.749999826774001
8.447999811172485
6.472999855317175
6.042999864928424
6.180999861843884
7.263499837648124
8.017999820783734
4.702499894890934
6.63699985165149
8.634499807003886
8.905999800935387
5.738999871723354
4.152499907184392
5.00949988802895
5.332499880809337
5.269499882217497
7.7269998272880915
8.484499810356647
5.354999880306423
10.269999770447612
7.385499834921211
8.882499801460654
8.061999819800258
5.788999870605767
6.804999847896397
5.101999885961414
6.041499864961952
5.612499874550849
10.252499770838767
9.255999793112277
11.440499744284898
10.40049976753071
11.03749975329265
8.871999801695347
10.190499772224575
9.407999789714813
8.337499813642353
12.391999723017216
9.601499785389752
10.688499761093407
9.626999784819782
9.790999781154095
8.259499815385789
10.160499772895127
11.47449974352494
12.430499722156673
6.241499860491603
6.3834998573176565
8.4254998116754
8.541999809071422
8.904499800968916
