0.34199999235570433
0.13299999702721835
0.4049999909475446
0.1064999976195395
0.05899999868124724
0.36549999183043835
0.22799999490380288
0.30099999327212573
0.7424999834038317
0.5339999880641699
0.6209999861195683
0.5779999870806932
0.6484999855048954
0.47849998930469156
0.3779999915510416
0.12349999723955989
0.5019999887794256
0.6374999857507646
0.9769999781623483
1.1519999742507934
0.9659999784082174
0.4899999890476465
0.31449999297037723
0.2714999939315021
0.44199999012053015
0.40149999102577566
0.1719999961555004
0.07599999830126762
0.11649999739602208
0.0859999980777502
0.1614999963901937
0.08349999813362956
0.13199999704957008
0.12149999728426338
0.014499999675899744
0.06549999853596092
0.0859999980777502
0.031499999295920136
0.2894999935291708
0.08549999808892608
0.20299999546259642
0.16899999622255563
0.17099999617785216
0.08149999817833305
0.2179999951273203
0.4169999906793237
0.40649999091401695
0.25849999422207476
0.26749999402090907
0.27799999378621576
0.27799999378621576
0.3804999914951622
0.4654999895952642
0.3404999923892319
0.9219999793916941
0.9464999788440764
0.8644999806769192
1.2074999730102718
1.1714999738149345
1.3039999708533287
2.2364999500103293
1.699999962002039
1.7199999615550041
2.161999951675534
1.6979999620467425
1.963499956112355
2.8859999354928734
3.2629999270662666
2.6269999412819742
3.531999921053648
4.825999892130494
5.107999885827303
4.948499889392406
5.565999875590205
4.657999895885586
5.156999884732068
5.446999878250063
5.595999874919653
5.111999885737896
6.389499857183546
6.971499844174832
6.670499850902706
6.50499985460192
7.774499826226384
8.882999801449477
9.122499796096236
8.08049981938675
8.666999806277454
10.81349975829944
12.210499727074057
12.553499719407409
14.336999679543078
16.04099964145571
15.86549964537844
18.285499591287227
18.504999586381018
20.939999531954527
20.945999531820416
19.090999573282897
17.36099961195141
22.332499500829726
22.931499487441034
22.09649950610474
24.574999450705945
25.635499427001925
25.015499440860005
25.253499435540288
25.087999439239503
28.357999366149308
29.94849933059886
29.50649934047833
31.92599928639829
30.97149930773303
31.441999297216533
33.29549925578758
33.60099924895913
33.58999924920499
33.29849925572053
34.5019992288202
34.7629992229864
33.77999924495816
35.07849921593443
36.22049919040874
33.29949925569817
33.64449924798682
34.54349922789261
34.374999231658876
33.59549924908206
34.35099923219532
35.46049920739606
35.11699921507388
35.37799920924008
34.68599922470749
33.60349924890325
32.68099926952273
33.47649925174191
34.892999220080675
33.87349924286828
34.15349923660979
34.59199922680855
34.85349922096357
33.495499251317234
33.70649924660101
34.447499230038375
34.81649922179058
32.744999268092215
33.42249925294891
34.26949923401698
34.96099921856076
34.86399922072887
35.70399920195341
33.309499255474655
33.037999261543156
33.628499248344454
33.168499258626255
32.56499927211553
34.30699923317879
33.92249924177304
33.50949925100431
34.60699922647327
34.68199922479689
34.79449922228232
34.32199923284352
34.446499230060724
32.40449927570298
33.89949924228713
33.79699924457818
31.070499305520208
32.978999262861905
33.14449925916269
33.913999241963026
33.94049924137071
34.58849922688678
33.89399924241006
34.35599923208356
33.48599925152958
31.835999288409948
33.35449925446883
34.24099923465401
33.307999255508186
34.2594992342405
32.45399927459657
33.189499258156864
34.414999230764806
32.80099926684052
