0.43899999018758534
0.15949999643489718
0.21499999519437551
0.031499999295920136
0.14799999669194222
0.12649999717250465
0.10699999760836362
0.08549999808892608
0.1629999963566661
0.2524999943561852
0.20699999537318944
0.26749999402090907
0.18599999584257604
0.2179999951273203
0.35549999205395577
0.34099999237805606
0.35599999204277993
0.12649999717250465
0.26699999403208496
0.1769999960437417
0.2064999953843653
0.21499999519437551
0.2954999933950603
0.21449999520555138
0.048999998904764655
0.04349999902769923
0.06499999854713678
0.1149999974295497
0.07699999827891588
0.32199999280273917
0.031499999295920136
0.15049999663606287
0.1994999955408275
0.1254999971948564
0.22049999507144094
0.1749999960884452
0.3504999921657145
0.08849999802187085
0.0944999978877604
0.05049999887123704
0.0944999978877604
0.02149999951943755
0.11749999737367034
0.1114999975077808
0.16549999630078674
0.05599999874830246
0.11449999744072556
0.1169999973848462
0.08199999816715717
0.0789999982342124
0.08899999801069498
0.12099999729543924
0.10899999756366015
0.02849999936297536
0.07999999821186066
0.21399999521672725
0.13299999702721835
0.08499999810010195
0.12349999723955989
0.04699999894946814
0.10099999774247408
0.14549999674782157
0.015499999653548003
0.49699998889118435
0.39599999114871026
0.37399999164044856
0.27399999387562274
0.3129999930039048
0.704999984242022
0.9889999778941274
0.6974999844096601
0.9159999795258045
0.5454999878071248
0.9384999790228903
1.0134999773465097
1.0254999770782889
1.2339999724179507
1.3144999706186353
1.2689999716356397
1.0969999754801392
2.556499942857772
1.6634999628178775
1.6274999636225402
1.9774999557994306
2.5664999426342545
2.330499947909266
2.8354999366216362
3.098999930731952
2.9959999330341818
2.4589999450370668
2.6849999399855733
3.109499930497259
2.3764999468810855
2.0464999542571602
2.055499954055995
2.5379999432712794
2.966999933682382
2.764999938197434
2.897499935235828
3.2239999279379843
2.9764999334700404
3.2969999263063072
3.459499922674149
2.7629999382421375
2.714499939326197
3.04299993198365
2.723999939113855
2.9464999341405926
2.9784999334253373
2.745499938633293
2.1244999525137245
3.303499926161021
3.1304999300278724
2.6534999406896533
3.023499932419509
3.46199992261827
3.547499920707196
3.3084999260492625
2.5724999425001442
2.214999950490892
2.909499934967607
2.7934999375604095
2.5469999430701136
2.8289999367669223
2.044499954301864
3.00549993282184
2.7809999378398063
3.2669999269768595
3.3789999244734643
2.981999933347106
2.6244999413378536
2.6699999403208494
2.331499947886914
2.8249999368563294
2.5614999427460132
2.8844999355264007
2.207999950647354
2.8689999358728526
3.626499918941408
2.7809999378398063
3.0919999308884143
2.919999934732914
3.4984999218024315
3.6319999188184737
3.907499912660569
3.42449992345646
3.4369999231770634
4.246999905072153
3.369499924685806
3.2239999279379843
2.9984999329783024
3.8159999147057535
4.799499892722816
3.822499914560467
3.5069999216124415
4.016999910213054
4.83999989181757
2.653999940678477
3.3644999247975647
3.524499921221286
3.2154999281279744
3.291999926418066
3.663999918103218
3.426999923400581
3.768999915756285
4.5764998977072535
4.83399989195168
4.623499896656722
3.0694999313913285
3.6164999191649256
6.005999865755439
4.560999898053706
3.869499913509935
3.466999922506511
4.083499908726663
5.79549987046048
4.7719998933374885
4.516999899037183
5.922999867610633
5.509999876841903
5.379999879747629
5.067999886721372
4.745999893918634
4.598999897204339
4.818499892298132
5.274999882094562
5.194499883893878
5.70099987257272
5.855499869119376
5.548499875981361
5.293999881669879
4.6934998950921
4.586499897483736
3.4454999229870737
3.535499920975417
4.83399989195168
4.72499989438802
4.717499894555658
4.977499888744205
4.988499888498336
5.781499870773405
4.0319999098777775
4.099499908369035
3.6189999191090463
5.3534998803399505
4.785499893035739
5.405999879166484
4.327999903261661
5.375999879837036
5.147999884933233
4.851999891549349
5.7264998720027505
6.672999850846827
3.9789999110624192
4.427499901037663
4.739999894052744
6.155499862413853
6.953999844565987
7.0994998413138095
7.183999839425087
5.427999878674745
7.310999836586416
6.5939998526126145
6.08849986391142
6.095999863743782
7.073499841894955
4.165499906893819
4.5099998991936445
4.7294998942874376
4.472499900031835
4.966999888978899
5.490499877277761
5.044499887246639
5.227999883145094
5.539499876182527
5.349499880429358
5.864499868918211
4.695999895036221
6.525999854132533
5.726999871991575
4.054499909374863
5.237999882921576
5.773999870941043
4.215999905765057
5.7189998721703885
5.425999878719449
4.992499888408929
4.935999889671803
4.141999907419086
4.958999889157712
4.6519998960196975
5.053999887034297
5.416999878920615
5.626499874237925
5.379499879758805
5.610499874595552
6.667999850958585
5.829499869700522
4.987999888509512
6.10549986353144
5.503999876976013
3.9329999120905996
5.086499886307865
4.610499896947294
4.416499901283532
4.086499908659607
4.558999898098409
5.064999886788428
6.615499852132052
6.098999863676727
6.227999860793352
5.117999885603785
5.364999880082905
5.060999886877835
5.854999869130552
6.558999853394925
5.723499872069806
4.909999890252948
4.888999890722334
5.733999871835112
5.299499881546945
4.851999891549349
4.1019999083131555
3.590499919746071
4.524999898858368
3.5064999216236172
3.311499925982207
4.386999901942909
3.606499919388443
4.387499901931733
4.310999903641641
3.43899992313236
3.9719999112188815
4.1924999062903225
4.0449999095872045
4.7719998933374885
4.7719998933374885
4.519499898981303
5.276999882049859
4.673499895539135
